{
 "cells": [
  {
   "cell_type": "code",
   "execution_count": 125,
   "id": "protective-brooks",
   "metadata": {},
   "outputs": [],
   "source": [
    "import pandas as pd\n",
    "import numpy as np\n",
    "import seaborn as sns\n",
    "import matplotlib.pyplot as plt\n",
    "from sklearn.preprocessing import StandardScaler\n",
    "\n",
    "from sklearn.metrics import accuracy_score,f1_score\n",
    "from sklearn.metrics import roc_auc_score\n",
    "import math\n",
    "from sklearn.metrics import confusion_matrix"
   ]
  },
  {
   "cell_type": "code",
   "execution_count": 126,
   "id": "separated-divorce",
   "metadata": {},
   "outputs": [],
   "source": [
    "train = pd.read_csv(\"Train_data.csv\")\n",
    "train['GP'] = train['GP'].apply(lambda x : math.floor(x))"
   ]
  },
  {
   "cell_type": "code",
   "execution_count": 127,
   "id": "appreciated-principal",
   "metadata": {},
   "outputs": [
    {
     "data": {
      "text/html": [
       "<div>\n",
       "<style scoped>\n",
       "    .dataframe tbody tr th:only-of-type {\n",
       "        vertical-align: middle;\n",
       "    }\n",
       "\n",
       "    .dataframe tbody tr th {\n",
       "        vertical-align: top;\n",
       "    }\n",
       "\n",
       "    .dataframe thead th {\n",
       "        text-align: right;\n",
       "    }\n",
       "</style>\n",
       "<table border=\"1\" class=\"dataframe\">\n",
       "  <thead>\n",
       "    <tr style=\"text-align: right;\">\n",
       "      <th></th>\n",
       "      <th>GP</th>\n",
       "      <th>MIN</th>\n",
       "      <th>PTS</th>\n",
       "      <th>FGM</th>\n",
       "      <th>FGA</th>\n",
       "      <th>FG%</th>\n",
       "      <th>3P Made</th>\n",
       "      <th>3PA</th>\n",
       "      <th>3P%</th>\n",
       "      <th>FTM</th>\n",
       "      <th>FTA</th>\n",
       "      <th>FT%</th>\n",
       "      <th>OREB</th>\n",
       "      <th>DREB</th>\n",
       "      <th>REB</th>\n",
       "      <th>AST</th>\n",
       "      <th>STL</th>\n",
       "      <th>BLK</th>\n",
       "      <th>TOV</th>\n",
       "      <th>Target</th>\n",
       "    </tr>\n",
       "  </thead>\n",
       "  <tbody>\n",
       "    <tr>\n",
       "      <th>count</th>\n",
       "      <td>1101.000000</td>\n",
       "      <td>1101.000000</td>\n",
       "      <td>1101.000000</td>\n",
       "      <td>1101.000000</td>\n",
       "      <td>1101.000000</td>\n",
       "      <td>1101.000000</td>\n",
       "      <td>1101.000000</td>\n",
       "      <td>1101.000000</td>\n",
       "      <td>1101.000000</td>\n",
       "      <td>1101.000000</td>\n",
       "      <td>1101.000000</td>\n",
       "      <td>1101.000000</td>\n",
       "      <td>1101.000000</td>\n",
       "      <td>1101.000000</td>\n",
       "      <td>1101.000000</td>\n",
       "      <td>1101.000000</td>\n",
       "      <td>1101.000000</td>\n",
       "      <td>1101.000000</td>\n",
       "      <td>1101.000000</td>\n",
       "      <td>1101.000000</td>\n",
       "    </tr>\n",
       "    <tr>\n",
       "      <th>mean</th>\n",
       "      <td>58.915531</td>\n",
       "      <td>16.928284</td>\n",
       "      <td>6.502344</td>\n",
       "      <td>2.511125</td>\n",
       "      <td>5.645747</td>\n",
       "      <td>43.912555</td>\n",
       "      <td>0.241959</td>\n",
       "      <td>0.767455</td>\n",
       "      <td>19.050425</td>\n",
       "      <td>1.241914</td>\n",
       "      <td>1.741848</td>\n",
       "      <td>70.495847</td>\n",
       "      <td>0.958240</td>\n",
       "      <td>1.937014</td>\n",
       "      <td>2.891927</td>\n",
       "      <td>1.472706</td>\n",
       "      <td>0.589403</td>\n",
       "      <td>0.344204</td>\n",
       "      <td>1.150499</td>\n",
       "      <td>0.499546</td>\n",
       "    </tr>\n",
       "    <tr>\n",
       "      <th>std</th>\n",
       "      <td>17.264655</td>\n",
       "      <td>8.034209</td>\n",
       "      <td>4.163856</td>\n",
       "      <td>1.611502</td>\n",
       "      <td>3.422292</td>\n",
       "      <td>6.106910</td>\n",
       "      <td>0.363008</td>\n",
       "      <td>1.017214</td>\n",
       "      <td>15.513640</td>\n",
       "      <td>0.937585</td>\n",
       "      <td>1.272047</td>\n",
       "      <td>10.381068</td>\n",
       "      <td>0.771344</td>\n",
       "      <td>1.342627</td>\n",
       "      <td>2.039694</td>\n",
       "      <td>1.376592</td>\n",
       "      <td>0.386147</td>\n",
       "      <td>0.418840</td>\n",
       "      <td>0.687706</td>\n",
       "      <td>0.500227</td>\n",
       "    </tr>\n",
       "    <tr>\n",
       "      <th>min</th>\n",
       "      <td>11.000000</td>\n",
       "      <td>3.100000</td>\n",
       "      <td>1.100000</td>\n",
       "      <td>0.400000</td>\n",
       "      <td>1.000000</td>\n",
       "      <td>25.000000</td>\n",
       "      <td>0.000000</td>\n",
       "      <td>0.000000</td>\n",
       "      <td>0.000000</td>\n",
       "      <td>0.000000</td>\n",
       "      <td>0.000000</td>\n",
       "      <td>0.000000</td>\n",
       "      <td>0.000000</td>\n",
       "      <td>0.200000</td>\n",
       "      <td>0.300000</td>\n",
       "      <td>0.000000</td>\n",
       "      <td>0.000000</td>\n",
       "      <td>0.000000</td>\n",
       "      <td>0.100000</td>\n",
       "      <td>0.000000</td>\n",
       "    </tr>\n",
       "    <tr>\n",
       "      <th>25%</th>\n",
       "      <td>46.000000</td>\n",
       "      <td>10.492268</td>\n",
       "      <td>3.587756</td>\n",
       "      <td>1.400000</td>\n",
       "      <td>3.200000</td>\n",
       "      <td>40.000000</td>\n",
       "      <td>0.000000</td>\n",
       "      <td>0.000000</td>\n",
       "      <td>0.000000</td>\n",
       "      <td>0.600000</td>\n",
       "      <td>0.900000</td>\n",
       "      <td>64.900000</td>\n",
       "      <td>0.400000</td>\n",
       "      <td>1.000000</td>\n",
       "      <td>1.400000</td>\n",
       "      <td>0.600000</td>\n",
       "      <td>0.300000</td>\n",
       "      <td>0.100000</td>\n",
       "      <td>0.700000</td>\n",
       "      <td>0.000000</td>\n",
       "    </tr>\n",
       "    <tr>\n",
       "      <th>50%</th>\n",
       "      <td>59.000000</td>\n",
       "      <td>15.386486</td>\n",
       "      <td>5.200000</td>\n",
       "      <td>2.000000</td>\n",
       "      <td>4.600000</td>\n",
       "      <td>43.652785</td>\n",
       "      <td>0.100000</td>\n",
       "      <td>0.300000</td>\n",
       "      <td>22.600000</td>\n",
       "      <td>1.000000</td>\n",
       "      <td>1.400000</td>\n",
       "      <td>71.502462</td>\n",
       "      <td>0.700000</td>\n",
       "      <td>1.600000</td>\n",
       "      <td>2.273596</td>\n",
       "      <td>1.041951</td>\n",
       "      <td>0.500000</td>\n",
       "      <td>0.200000</td>\n",
       "      <td>0.988945</td>\n",
       "      <td>0.000000</td>\n",
       "    </tr>\n",
       "    <tr>\n",
       "      <th>75%</th>\n",
       "      <td>76.000000</td>\n",
       "      <td>21.830403</td>\n",
       "      <td>8.300000</td>\n",
       "      <td>3.200000</td>\n",
       "      <td>6.900000</td>\n",
       "      <td>47.700000</td>\n",
       "      <td>0.400000</td>\n",
       "      <td>1.195634</td>\n",
       "      <td>32.300000</td>\n",
       "      <td>1.600000</td>\n",
       "      <td>2.200000</td>\n",
       "      <td>77.436718</td>\n",
       "      <td>1.300000</td>\n",
       "      <td>2.500000</td>\n",
       "      <td>3.700000</td>\n",
       "      <td>1.900000</td>\n",
       "      <td>0.800000</td>\n",
       "      <td>0.400000</td>\n",
       "      <td>1.400000</td>\n",
       "      <td>1.000000</td>\n",
       "    </tr>\n",
       "    <tr>\n",
       "      <th>max</th>\n",
       "      <td>82.000000</td>\n",
       "      <td>40.900000</td>\n",
       "      <td>24.300000</td>\n",
       "      <td>9.000000</td>\n",
       "      <td>18.900000</td>\n",
       "      <td>73.700000</td>\n",
       "      <td>2.300000</td>\n",
       "      <td>6.500000</td>\n",
       "      <td>100.000000</td>\n",
       "      <td>7.500000</td>\n",
       "      <td>10.200000</td>\n",
       "      <td>100.000000</td>\n",
       "      <td>5.300000</td>\n",
       "      <td>9.600000</td>\n",
       "      <td>13.900000</td>\n",
       "      <td>10.600000</td>\n",
       "      <td>2.500000</td>\n",
       "      <td>3.900000</td>\n",
       "      <td>4.200000</td>\n",
       "      <td>1.000000</td>\n",
       "    </tr>\n",
       "  </tbody>\n",
       "</table>\n",
       "</div>"
      ],
      "text/plain": [
       "                GP          MIN          PTS          FGM          FGA  \\\n",
       "count  1101.000000  1101.000000  1101.000000  1101.000000  1101.000000   \n",
       "mean     58.915531    16.928284     6.502344     2.511125     5.645747   \n",
       "std      17.264655     8.034209     4.163856     1.611502     3.422292   \n",
       "min      11.000000     3.100000     1.100000     0.400000     1.000000   \n",
       "25%      46.000000    10.492268     3.587756     1.400000     3.200000   \n",
       "50%      59.000000    15.386486     5.200000     2.000000     4.600000   \n",
       "75%      76.000000    21.830403     8.300000     3.200000     6.900000   \n",
       "max      82.000000    40.900000    24.300000     9.000000    18.900000   \n",
       "\n",
       "               FG%      3P Made          3PA          3P%          FTM  \\\n",
       "count  1101.000000  1101.000000  1101.000000  1101.000000  1101.000000   \n",
       "mean     43.912555     0.241959     0.767455    19.050425     1.241914   \n",
       "std       6.106910     0.363008     1.017214    15.513640     0.937585   \n",
       "min      25.000000     0.000000     0.000000     0.000000     0.000000   \n",
       "25%      40.000000     0.000000     0.000000     0.000000     0.600000   \n",
       "50%      43.652785     0.100000     0.300000    22.600000     1.000000   \n",
       "75%      47.700000     0.400000     1.195634    32.300000     1.600000   \n",
       "max      73.700000     2.300000     6.500000   100.000000     7.500000   \n",
       "\n",
       "               FTA          FT%         OREB         DREB          REB  \\\n",
       "count  1101.000000  1101.000000  1101.000000  1101.000000  1101.000000   \n",
       "mean      1.741848    70.495847     0.958240     1.937014     2.891927   \n",
       "std       1.272047    10.381068     0.771344     1.342627     2.039694   \n",
       "min       0.000000     0.000000     0.000000     0.200000     0.300000   \n",
       "25%       0.900000    64.900000     0.400000     1.000000     1.400000   \n",
       "50%       1.400000    71.502462     0.700000     1.600000     2.273596   \n",
       "75%       2.200000    77.436718     1.300000     2.500000     3.700000   \n",
       "max      10.200000   100.000000     5.300000     9.600000    13.900000   \n",
       "\n",
       "               AST          STL          BLK          TOV       Target  \n",
       "count  1101.000000  1101.000000  1101.000000  1101.000000  1101.000000  \n",
       "mean      1.472706     0.589403     0.344204     1.150499     0.499546  \n",
       "std       1.376592     0.386147     0.418840     0.687706     0.500227  \n",
       "min       0.000000     0.000000     0.000000     0.100000     0.000000  \n",
       "25%       0.600000     0.300000     0.100000     0.700000     0.000000  \n",
       "50%       1.041951     0.500000     0.200000     0.988945     0.000000  \n",
       "75%       1.900000     0.800000     0.400000     1.400000     1.000000  \n",
       "max      10.600000     2.500000     3.900000     4.200000     1.000000  "
      ]
     },
     "execution_count": 127,
     "metadata": {},
     "output_type": "execute_result"
    }
   ],
   "source": [
    "train.describe()"
   ]
  },
  {
   "cell_type": "code",
   "execution_count": 128,
   "id": "searching-edgar",
   "metadata": {},
   "outputs": [
    {
     "data": {
      "text/html": [
       "<div>\n",
       "<style scoped>\n",
       "    .dataframe tbody tr th:only-of-type {\n",
       "        vertical-align: middle;\n",
       "    }\n",
       "\n",
       "    .dataframe tbody tr th {\n",
       "        vertical-align: top;\n",
       "    }\n",
       "\n",
       "    .dataframe thead th {\n",
       "        text-align: right;\n",
       "    }\n",
       "</style>\n",
       "<table border=\"1\" class=\"dataframe\">\n",
       "  <thead>\n",
       "    <tr style=\"text-align: right;\">\n",
       "      <th></th>\n",
       "      <th>GP</th>\n",
       "      <th>MIN</th>\n",
       "      <th>PTS</th>\n",
       "      <th>FGM</th>\n",
       "      <th>FGA</th>\n",
       "      <th>FG%</th>\n",
       "      <th>3P Made</th>\n",
       "      <th>3PA</th>\n",
       "      <th>3P%</th>\n",
       "      <th>FTM</th>\n",
       "      <th>FTA</th>\n",
       "      <th>FT%</th>\n",
       "      <th>OREB</th>\n",
       "      <th>DREB</th>\n",
       "      <th>REB</th>\n",
       "      <th>AST</th>\n",
       "      <th>STL</th>\n",
       "      <th>BLK</th>\n",
       "      <th>TOV</th>\n",
       "      <th>Target</th>\n",
       "    </tr>\n",
       "  </thead>\n",
       "  <tbody>\n",
       "    <tr>\n",
       "      <th>GP</th>\n",
       "      <td>1.000000</td>\n",
       "      <td>0.597446</td>\n",
       "      <td>0.559332</td>\n",
       "      <td>0.562213</td>\n",
       "      <td>0.538190</td>\n",
       "      <td>0.311106</td>\n",
       "      <td>0.119768</td>\n",
       "      <td>0.106866</td>\n",
       "      <td>0.026659</td>\n",
       "      <td>0.503171</td>\n",
       "      <td>0.491696</td>\n",
       "      <td>0.200386</td>\n",
       "      <td>0.416948</td>\n",
       "      <td>0.479671</td>\n",
       "      <td>0.473715</td>\n",
       "      <td>0.362790</td>\n",
       "      <td>0.456121</td>\n",
       "      <td>0.303153</td>\n",
       "      <td>0.523640</td>\n",
       "      <td>0.415001</td>\n",
       "    </tr>\n",
       "    <tr>\n",
       "      <th>MIN</th>\n",
       "      <td>0.597446</td>\n",
       "      <td>1.000000</td>\n",
       "      <td>0.918264</td>\n",
       "      <td>0.905489</td>\n",
       "      <td>0.914114</td>\n",
       "      <td>0.211973</td>\n",
       "      <td>0.390542</td>\n",
       "      <td>0.398589</td>\n",
       "      <td>0.169725</td>\n",
       "      <td>0.811353</td>\n",
       "      <td>0.795711</td>\n",
       "      <td>0.241640</td>\n",
       "      <td>0.586255</td>\n",
       "      <td>0.756072</td>\n",
       "      <td>0.719870</td>\n",
       "      <td>0.625946</td>\n",
       "      <td>0.766311</td>\n",
       "      <td>0.432429</td>\n",
       "      <td>0.830394</td>\n",
       "      <td>0.354152</td>\n",
       "    </tr>\n",
       "    <tr>\n",
       "      <th>PTS</th>\n",
       "      <td>0.559332</td>\n",
       "      <td>0.918264</td>\n",
       "      <td>1.000000</td>\n",
       "      <td>0.991033</td>\n",
       "      <td>0.980013</td>\n",
       "      <td>0.272255</td>\n",
       "      <td>0.337452</td>\n",
       "      <td>0.341765</td>\n",
       "      <td>0.147124</td>\n",
       "      <td>0.899845</td>\n",
       "      <td>0.882502</td>\n",
       "      <td>0.246680</td>\n",
       "      <td>0.590605</td>\n",
       "      <td>0.716958</td>\n",
       "      <td>0.696668</td>\n",
       "      <td>0.546482</td>\n",
       "      <td>0.669969</td>\n",
       "      <td>0.433771</td>\n",
       "      <td>0.853030</td>\n",
       "      <td>0.354192</td>\n",
       "    </tr>\n",
       "    <tr>\n",
       "      <th>FGM</th>\n",
       "      <td>0.562213</td>\n",
       "      <td>0.905489</td>\n",
       "      <td>0.991033</td>\n",
       "      <td>1.000000</td>\n",
       "      <td>0.979742</td>\n",
       "      <td>0.308350</td>\n",
       "      <td>0.277842</td>\n",
       "      <td>0.282244</td>\n",
       "      <td>0.114917</td>\n",
       "      <td>0.853349</td>\n",
       "      <td>0.843725</td>\n",
       "      <td>0.214689</td>\n",
       "      <td>0.610619</td>\n",
       "      <td>0.723419</td>\n",
       "      <td>0.708522</td>\n",
       "      <td>0.521606</td>\n",
       "      <td>0.650974</td>\n",
       "      <td>0.442781</td>\n",
       "      <td>0.834749</td>\n",
       "      <td>0.356119</td>\n",
       "    </tr>\n",
       "    <tr>\n",
       "      <th>FGA</th>\n",
       "      <td>0.538190</td>\n",
       "      <td>0.914114</td>\n",
       "      <td>0.980013</td>\n",
       "      <td>0.979742</td>\n",
       "      <td>1.000000</td>\n",
       "      <td>0.145322</td>\n",
       "      <td>0.382426</td>\n",
       "      <td>0.399330</td>\n",
       "      <td>0.202011</td>\n",
       "      <td>0.832288</td>\n",
       "      <td>0.807849</td>\n",
       "      <td>0.262776</td>\n",
       "      <td>0.514503</td>\n",
       "      <td>0.655417</td>\n",
       "      <td>0.627248</td>\n",
       "      <td>0.587837</td>\n",
       "      <td>0.689307</td>\n",
       "      <td>0.360720</td>\n",
       "      <td>0.848879</td>\n",
       "      <td>0.327988</td>\n",
       "    </tr>\n",
       "    <tr>\n",
       "      <th>FG%</th>\n",
       "      <td>0.311106</td>\n",
       "      <td>0.211973</td>\n",
       "      <td>0.272255</td>\n",
       "      <td>0.308350</td>\n",
       "      <td>0.145322</td>\n",
       "      <td>1.000000</td>\n",
       "      <td>-0.304532</td>\n",
       "      <td>-0.360298</td>\n",
       "      <td>-0.376032</td>\n",
       "      <td>0.267298</td>\n",
       "      <td>0.320679</td>\n",
       "      <td>-0.142038</td>\n",
       "      <td>0.527119</td>\n",
       "      <td>0.431919</td>\n",
       "      <td>0.484302</td>\n",
       "      <td>-0.130397</td>\n",
       "      <td>0.040709</td>\n",
       "      <td>0.414445</td>\n",
       "      <td>0.125793</td>\n",
       "      <td>0.252236</td>\n",
       "    </tr>\n",
       "    <tr>\n",
       "      <th>3P Made</th>\n",
       "      <td>0.119768</td>\n",
       "      <td>0.390542</td>\n",
       "      <td>0.337452</td>\n",
       "      <td>0.277842</td>\n",
       "      <td>0.382426</td>\n",
       "      <td>-0.304532</td>\n",
       "      <td>1.000000</td>\n",
       "      <td>0.982678</td>\n",
       "      <td>0.619991</td>\n",
       "      <td>0.157143</td>\n",
       "      <td>0.090530</td>\n",
       "      <td>0.310734</td>\n",
       "      <td>-0.221181</td>\n",
       "      <td>0.017703</td>\n",
       "      <td>-0.072795</td>\n",
       "      <td>0.415002</td>\n",
       "      <td>0.353963</td>\n",
       "      <td>-0.157557</td>\n",
       "      <td>0.269701</td>\n",
       "      <td>0.037159</td>\n",
       "    </tr>\n",
       "    <tr>\n",
       "      <th>3PA</th>\n",
       "      <td>0.106866</td>\n",
       "      <td>0.398589</td>\n",
       "      <td>0.341765</td>\n",
       "      <td>0.282244</td>\n",
       "      <td>0.399330</td>\n",
       "      <td>-0.360298</td>\n",
       "      <td>0.982678</td>\n",
       "      <td>1.000000</td>\n",
       "      <td>0.612823</td>\n",
       "      <td>0.165934</td>\n",
       "      <td>0.096702</td>\n",
       "      <td>0.321690</td>\n",
       "      <td>-0.237302</td>\n",
       "      <td>0.007024</td>\n",
       "      <td>-0.086081</td>\n",
       "      <td>0.444800</td>\n",
       "      <td>0.379792</td>\n",
       "      <td>-0.172752</td>\n",
       "      <td>0.290051</td>\n",
       "      <td>0.018759</td>\n",
       "    </tr>\n",
       "    <tr>\n",
       "      <th>3P%</th>\n",
       "      <td>0.026659</td>\n",
       "      <td>0.169725</td>\n",
       "      <td>0.147124</td>\n",
       "      <td>0.114917</td>\n",
       "      <td>0.202011</td>\n",
       "      <td>-0.376032</td>\n",
       "      <td>0.619991</td>\n",
       "      <td>0.612823</td>\n",
       "      <td>1.000000</td>\n",
       "      <td>0.018112</td>\n",
       "      <td>-0.048118</td>\n",
       "      <td>0.329070</td>\n",
       "      <td>-0.294037</td>\n",
       "      <td>-0.132653</td>\n",
       "      <td>-0.198723</td>\n",
       "      <td>0.296920</td>\n",
       "      <td>0.233972</td>\n",
       "      <td>-0.264620</td>\n",
       "      <td>0.111586</td>\n",
       "      <td>0.001285</td>\n",
       "    </tr>\n",
       "    <tr>\n",
       "      <th>FTM</th>\n",
       "      <td>0.503171</td>\n",
       "      <td>0.811353</td>\n",
       "      <td>0.899845</td>\n",
       "      <td>0.853349</td>\n",
       "      <td>0.832288</td>\n",
       "      <td>0.267298</td>\n",
       "      <td>0.157143</td>\n",
       "      <td>0.165934</td>\n",
       "      <td>0.018112</td>\n",
       "      <td>1.000000</td>\n",
       "      <td>0.980388</td>\n",
       "      <td>0.236930</td>\n",
       "      <td>0.604364</td>\n",
       "      <td>0.686171</td>\n",
       "      <td>0.681736</td>\n",
       "      <td>0.473577</td>\n",
       "      <td>0.597443</td>\n",
       "      <td>0.462012</td>\n",
       "      <td>0.811781</td>\n",
       "      <td>0.333098</td>\n",
       "    </tr>\n",
       "    <tr>\n",
       "      <th>FTA</th>\n",
       "      <td>0.491696</td>\n",
       "      <td>0.795711</td>\n",
       "      <td>0.882502</td>\n",
       "      <td>0.843725</td>\n",
       "      <td>0.807849</td>\n",
       "      <td>0.320679</td>\n",
       "      <td>0.090530</td>\n",
       "      <td>0.096702</td>\n",
       "      <td>-0.048118</td>\n",
       "      <td>0.980388</td>\n",
       "      <td>1.000000</td>\n",
       "      <td>0.092367</td>\n",
       "      <td>0.673121</td>\n",
       "      <td>0.731581</td>\n",
       "      <td>0.737864</td>\n",
       "      <td>0.419419</td>\n",
       "      <td>0.568765</td>\n",
       "      <td>0.521547</td>\n",
       "      <td>0.800064</td>\n",
       "      <td>0.334718</td>\n",
       "    </tr>\n",
       "    <tr>\n",
       "      <th>FT%</th>\n",
       "      <td>0.200386</td>\n",
       "      <td>0.241640</td>\n",
       "      <td>0.246680</td>\n",
       "      <td>0.214689</td>\n",
       "      <td>0.262776</td>\n",
       "      <td>-0.142038</td>\n",
       "      <td>0.310734</td>\n",
       "      <td>0.321690</td>\n",
       "      <td>0.329070</td>\n",
       "      <td>0.236930</td>\n",
       "      <td>0.092367</td>\n",
       "      <td>1.000000</td>\n",
       "      <td>-0.143924</td>\n",
       "      <td>-0.016600</td>\n",
       "      <td>-0.065965</td>\n",
       "      <td>0.308191</td>\n",
       "      <td>0.228524</td>\n",
       "      <td>-0.150065</td>\n",
       "      <td>0.197130</td>\n",
       "      <td>0.088597</td>\n",
       "    </tr>\n",
       "    <tr>\n",
       "      <th>OREB</th>\n",
       "      <td>0.416948</td>\n",
       "      <td>0.586255</td>\n",
       "      <td>0.590605</td>\n",
       "      <td>0.610619</td>\n",
       "      <td>0.514503</td>\n",
       "      <td>0.527119</td>\n",
       "      <td>-0.221181</td>\n",
       "      <td>-0.237302</td>\n",
       "      <td>-0.294037</td>\n",
       "      <td>0.604364</td>\n",
       "      <td>0.673121</td>\n",
       "      <td>-0.143924</td>\n",
       "      <td>1.000000</td>\n",
       "      <td>0.847967</td>\n",
       "      <td>0.937130</td>\n",
       "      <td>-0.016893</td>\n",
       "      <td>0.275706</td>\n",
       "      <td>0.665600</td>\n",
       "      <td>0.434725</td>\n",
       "      <td>0.329306</td>\n",
       "    </tr>\n",
       "    <tr>\n",
       "      <th>DREB</th>\n",
       "      <td>0.479671</td>\n",
       "      <td>0.756072</td>\n",
       "      <td>0.716958</td>\n",
       "      <td>0.723419</td>\n",
       "      <td>0.655417</td>\n",
       "      <td>0.431919</td>\n",
       "      <td>0.017703</td>\n",
       "      <td>0.007024</td>\n",
       "      <td>-0.132653</td>\n",
       "      <td>0.686171</td>\n",
       "      <td>0.731581</td>\n",
       "      <td>-0.016600</td>\n",
       "      <td>0.847967</td>\n",
       "      <td>1.000000</td>\n",
       "      <td>0.979235</td>\n",
       "      <td>0.193664</td>\n",
       "      <td>0.414556</td>\n",
       "      <td>0.712691</td>\n",
       "      <td>0.591945</td>\n",
       "      <td>0.323428</td>\n",
       "    </tr>\n",
       "    <tr>\n",
       "      <th>REB</th>\n",
       "      <td>0.473715</td>\n",
       "      <td>0.719870</td>\n",
       "      <td>0.696668</td>\n",
       "      <td>0.708522</td>\n",
       "      <td>0.627248</td>\n",
       "      <td>0.484302</td>\n",
       "      <td>-0.072795</td>\n",
       "      <td>-0.086081</td>\n",
       "      <td>-0.198723</td>\n",
       "      <td>0.681736</td>\n",
       "      <td>0.737864</td>\n",
       "      <td>-0.065965</td>\n",
       "      <td>0.937130</td>\n",
       "      <td>0.979235</td>\n",
       "      <td>1.000000</td>\n",
       "      <td>0.121015</td>\n",
       "      <td>0.377460</td>\n",
       "      <td>0.720953</td>\n",
       "      <td>0.554782</td>\n",
       "      <td>0.338257</td>\n",
       "    </tr>\n",
       "    <tr>\n",
       "      <th>AST</th>\n",
       "      <td>0.362790</td>\n",
       "      <td>0.625946</td>\n",
       "      <td>0.546482</td>\n",
       "      <td>0.521606</td>\n",
       "      <td>0.587837</td>\n",
       "      <td>-0.130397</td>\n",
       "      <td>0.415002</td>\n",
       "      <td>0.444800</td>\n",
       "      <td>0.296920</td>\n",
       "      <td>0.473577</td>\n",
       "      <td>0.419419</td>\n",
       "      <td>0.308191</td>\n",
       "      <td>-0.016893</td>\n",
       "      <td>0.193664</td>\n",
       "      <td>0.121015</td>\n",
       "      <td>1.000000</td>\n",
       "      <td>0.745087</td>\n",
       "      <td>-0.063675</td>\n",
       "      <td>0.736611</td>\n",
       "      <td>0.213621</td>\n",
       "    </tr>\n",
       "    <tr>\n",
       "      <th>STL</th>\n",
       "      <td>0.456121</td>\n",
       "      <td>0.766311</td>\n",
       "      <td>0.669969</td>\n",
       "      <td>0.650974</td>\n",
       "      <td>0.689307</td>\n",
       "      <td>0.040709</td>\n",
       "      <td>0.353963</td>\n",
       "      <td>0.379792</td>\n",
       "      <td>0.233972</td>\n",
       "      <td>0.597443</td>\n",
       "      <td>0.568765</td>\n",
       "      <td>0.228524</td>\n",
       "      <td>0.275706</td>\n",
       "      <td>0.414556</td>\n",
       "      <td>0.377460</td>\n",
       "      <td>0.745087</td>\n",
       "      <td>1.000000</td>\n",
       "      <td>0.161667</td>\n",
       "      <td>0.718808</td>\n",
       "      <td>0.268398</td>\n",
       "    </tr>\n",
       "    <tr>\n",
       "      <th>BLK</th>\n",
       "      <td>0.303153</td>\n",
       "      <td>0.432429</td>\n",
       "      <td>0.433771</td>\n",
       "      <td>0.442781</td>\n",
       "      <td>0.360720</td>\n",
       "      <td>0.414445</td>\n",
       "      <td>-0.157557</td>\n",
       "      <td>-0.172752</td>\n",
       "      <td>-0.264620</td>\n",
       "      <td>0.462012</td>\n",
       "      <td>0.521547</td>\n",
       "      <td>-0.150065</td>\n",
       "      <td>0.665600</td>\n",
       "      <td>0.712691</td>\n",
       "      <td>0.720953</td>\n",
       "      <td>-0.063675</td>\n",
       "      <td>0.161667</td>\n",
       "      <td>1.000000</td>\n",
       "      <td>0.333091</td>\n",
       "      <td>0.227312</td>\n",
       "    </tr>\n",
       "    <tr>\n",
       "      <th>TOV</th>\n",
       "      <td>0.523640</td>\n",
       "      <td>0.830394</td>\n",
       "      <td>0.853030</td>\n",
       "      <td>0.834749</td>\n",
       "      <td>0.848879</td>\n",
       "      <td>0.125793</td>\n",
       "      <td>0.269701</td>\n",
       "      <td>0.290051</td>\n",
       "      <td>0.111586</td>\n",
       "      <td>0.811781</td>\n",
       "      <td>0.800064</td>\n",
       "      <td>0.197130</td>\n",
       "      <td>0.434725</td>\n",
       "      <td>0.591945</td>\n",
       "      <td>0.554782</td>\n",
       "      <td>0.736611</td>\n",
       "      <td>0.718808</td>\n",
       "      <td>0.333091</td>\n",
       "      <td>1.000000</td>\n",
       "      <td>0.314013</td>\n",
       "    </tr>\n",
       "    <tr>\n",
       "      <th>Target</th>\n",
       "      <td>0.415001</td>\n",
       "      <td>0.354152</td>\n",
       "      <td>0.354192</td>\n",
       "      <td>0.356119</td>\n",
       "      <td>0.327988</td>\n",
       "      <td>0.252236</td>\n",
       "      <td>0.037159</td>\n",
       "      <td>0.018759</td>\n",
       "      <td>0.001285</td>\n",
       "      <td>0.333098</td>\n",
       "      <td>0.334718</td>\n",
       "      <td>0.088597</td>\n",
       "      <td>0.329306</td>\n",
       "      <td>0.323428</td>\n",
       "      <td>0.338257</td>\n",
       "      <td>0.213621</td>\n",
       "      <td>0.268398</td>\n",
       "      <td>0.227312</td>\n",
       "      <td>0.314013</td>\n",
       "      <td>1.000000</td>\n",
       "    </tr>\n",
       "  </tbody>\n",
       "</table>\n",
       "</div>"
      ],
      "text/plain": [
       "               GP       MIN       PTS       FGM       FGA       FG%   3P Made  \\\n",
       "GP       1.000000  0.597446  0.559332  0.562213  0.538190  0.311106  0.119768   \n",
       "MIN      0.597446  1.000000  0.918264  0.905489  0.914114  0.211973  0.390542   \n",
       "PTS      0.559332  0.918264  1.000000  0.991033  0.980013  0.272255  0.337452   \n",
       "FGM      0.562213  0.905489  0.991033  1.000000  0.979742  0.308350  0.277842   \n",
       "FGA      0.538190  0.914114  0.980013  0.979742  1.000000  0.145322  0.382426   \n",
       "FG%      0.311106  0.211973  0.272255  0.308350  0.145322  1.000000 -0.304532   \n",
       "3P Made  0.119768  0.390542  0.337452  0.277842  0.382426 -0.304532  1.000000   \n",
       "3PA      0.106866  0.398589  0.341765  0.282244  0.399330 -0.360298  0.982678   \n",
       "3P%      0.026659  0.169725  0.147124  0.114917  0.202011 -0.376032  0.619991   \n",
       "FTM      0.503171  0.811353  0.899845  0.853349  0.832288  0.267298  0.157143   \n",
       "FTA      0.491696  0.795711  0.882502  0.843725  0.807849  0.320679  0.090530   \n",
       "FT%      0.200386  0.241640  0.246680  0.214689  0.262776 -0.142038  0.310734   \n",
       "OREB     0.416948  0.586255  0.590605  0.610619  0.514503  0.527119 -0.221181   \n",
       "DREB     0.479671  0.756072  0.716958  0.723419  0.655417  0.431919  0.017703   \n",
       "REB      0.473715  0.719870  0.696668  0.708522  0.627248  0.484302 -0.072795   \n",
       "AST      0.362790  0.625946  0.546482  0.521606  0.587837 -0.130397  0.415002   \n",
       "STL      0.456121  0.766311  0.669969  0.650974  0.689307  0.040709  0.353963   \n",
       "BLK      0.303153  0.432429  0.433771  0.442781  0.360720  0.414445 -0.157557   \n",
       "TOV      0.523640  0.830394  0.853030  0.834749  0.848879  0.125793  0.269701   \n",
       "Target   0.415001  0.354152  0.354192  0.356119  0.327988  0.252236  0.037159   \n",
       "\n",
       "              3PA       3P%       FTM       FTA       FT%      OREB      DREB  \\\n",
       "GP       0.106866  0.026659  0.503171  0.491696  0.200386  0.416948  0.479671   \n",
       "MIN      0.398589  0.169725  0.811353  0.795711  0.241640  0.586255  0.756072   \n",
       "PTS      0.341765  0.147124  0.899845  0.882502  0.246680  0.590605  0.716958   \n",
       "FGM      0.282244  0.114917  0.853349  0.843725  0.214689  0.610619  0.723419   \n",
       "FGA      0.399330  0.202011  0.832288  0.807849  0.262776  0.514503  0.655417   \n",
       "FG%     -0.360298 -0.376032  0.267298  0.320679 -0.142038  0.527119  0.431919   \n",
       "3P Made  0.982678  0.619991  0.157143  0.090530  0.310734 -0.221181  0.017703   \n",
       "3PA      1.000000  0.612823  0.165934  0.096702  0.321690 -0.237302  0.007024   \n",
       "3P%      0.612823  1.000000  0.018112 -0.048118  0.329070 -0.294037 -0.132653   \n",
       "FTM      0.165934  0.018112  1.000000  0.980388  0.236930  0.604364  0.686171   \n",
       "FTA      0.096702 -0.048118  0.980388  1.000000  0.092367  0.673121  0.731581   \n",
       "FT%      0.321690  0.329070  0.236930  0.092367  1.000000 -0.143924 -0.016600   \n",
       "OREB    -0.237302 -0.294037  0.604364  0.673121 -0.143924  1.000000  0.847967   \n",
       "DREB     0.007024 -0.132653  0.686171  0.731581 -0.016600  0.847967  1.000000   \n",
       "REB     -0.086081 -0.198723  0.681736  0.737864 -0.065965  0.937130  0.979235   \n",
       "AST      0.444800  0.296920  0.473577  0.419419  0.308191 -0.016893  0.193664   \n",
       "STL      0.379792  0.233972  0.597443  0.568765  0.228524  0.275706  0.414556   \n",
       "BLK     -0.172752 -0.264620  0.462012  0.521547 -0.150065  0.665600  0.712691   \n",
       "TOV      0.290051  0.111586  0.811781  0.800064  0.197130  0.434725  0.591945   \n",
       "Target   0.018759  0.001285  0.333098  0.334718  0.088597  0.329306  0.323428   \n",
       "\n",
       "              REB       AST       STL       BLK       TOV    Target  \n",
       "GP       0.473715  0.362790  0.456121  0.303153  0.523640  0.415001  \n",
       "MIN      0.719870  0.625946  0.766311  0.432429  0.830394  0.354152  \n",
       "PTS      0.696668  0.546482  0.669969  0.433771  0.853030  0.354192  \n",
       "FGM      0.708522  0.521606  0.650974  0.442781  0.834749  0.356119  \n",
       "FGA      0.627248  0.587837  0.689307  0.360720  0.848879  0.327988  \n",
       "FG%      0.484302 -0.130397  0.040709  0.414445  0.125793  0.252236  \n",
       "3P Made -0.072795  0.415002  0.353963 -0.157557  0.269701  0.037159  \n",
       "3PA     -0.086081  0.444800  0.379792 -0.172752  0.290051  0.018759  \n",
       "3P%     -0.198723  0.296920  0.233972 -0.264620  0.111586  0.001285  \n",
       "FTM      0.681736  0.473577  0.597443  0.462012  0.811781  0.333098  \n",
       "FTA      0.737864  0.419419  0.568765  0.521547  0.800064  0.334718  \n",
       "FT%     -0.065965  0.308191  0.228524 -0.150065  0.197130  0.088597  \n",
       "OREB     0.937130 -0.016893  0.275706  0.665600  0.434725  0.329306  \n",
       "DREB     0.979235  0.193664  0.414556  0.712691  0.591945  0.323428  \n",
       "REB      1.000000  0.121015  0.377460  0.720953  0.554782  0.338257  \n",
       "AST      0.121015  1.000000  0.745087 -0.063675  0.736611  0.213621  \n",
       "STL      0.377460  0.745087  1.000000  0.161667  0.718808  0.268398  \n",
       "BLK      0.720953 -0.063675  0.161667  1.000000  0.333091  0.227312  \n",
       "TOV      0.554782  0.736611  0.718808  0.333091  1.000000  0.314013  \n",
       "Target   0.338257  0.213621  0.268398  0.227312  0.314013  1.000000  "
      ]
     },
     "execution_count": 128,
     "metadata": {},
     "output_type": "execute_result"
    }
   ],
   "source": [
    "train.corr()"
   ]
  },
  {
   "cell_type": "code",
   "execution_count": 129,
   "id": "constitutional-samuel",
   "metadata": {},
   "outputs": [],
   "source": [
    "l=['PTS','FGM','FGA','FG%','3P%','3P%','FT%','REB']\n",
    "train.drop(l,axis=1,inplace=True)"
   ]
  },
  {
   "cell_type": "code",
   "execution_count": 130,
   "id": "perceived-accessory",
   "metadata": {},
   "outputs": [
    {
     "data": {
      "text/html": [
       "<div>\n",
       "<style scoped>\n",
       "    .dataframe tbody tr th:only-of-type {\n",
       "        vertical-align: middle;\n",
       "    }\n",
       "\n",
       "    .dataframe tbody tr th {\n",
       "        vertical-align: top;\n",
       "    }\n",
       "\n",
       "    .dataframe thead th {\n",
       "        text-align: right;\n",
       "    }\n",
       "</style>\n",
       "<table border=\"1\" class=\"dataframe\">\n",
       "  <thead>\n",
       "    <tr style=\"text-align: right;\">\n",
       "      <th></th>\n",
       "      <th>GP</th>\n",
       "      <th>MIN</th>\n",
       "      <th>3P Made</th>\n",
       "      <th>3PA</th>\n",
       "      <th>FTM</th>\n",
       "      <th>FTA</th>\n",
       "      <th>OREB</th>\n",
       "      <th>DREB</th>\n",
       "      <th>AST</th>\n",
       "      <th>STL</th>\n",
       "      <th>BLK</th>\n",
       "      <th>TOV</th>\n",
       "      <th>Target</th>\n",
       "    </tr>\n",
       "  </thead>\n",
       "  <tbody>\n",
       "    <tr>\n",
       "      <th>0</th>\n",
       "      <td>59</td>\n",
       "      <td>12.8</td>\n",
       "      <td>0.2</td>\n",
       "      <td>0.3</td>\n",
       "      <td>0.7</td>\n",
       "      <td>0.8</td>\n",
       "      <td>1.1</td>\n",
       "      <td>2.3</td>\n",
       "      <td>0.5</td>\n",
       "      <td>0.3</td>\n",
       "      <td>0.4</td>\n",
       "      <td>0.5</td>\n",
       "      <td>1</td>\n",
       "    </tr>\n",
       "    <tr>\n",
       "      <th>1</th>\n",
       "      <td>31</td>\n",
       "      <td>10.7</td>\n",
       "      <td>0.5</td>\n",
       "      <td>2.1</td>\n",
       "      <td>0.5</td>\n",
       "      <td>0.9</td>\n",
       "      <td>0.3</td>\n",
       "      <td>1.1</td>\n",
       "      <td>0.4</td>\n",
       "      <td>0.3</td>\n",
       "      <td>0.1</td>\n",
       "      <td>0.2</td>\n",
       "      <td>0</td>\n",
       "    </tr>\n",
       "    <tr>\n",
       "      <th>2</th>\n",
       "      <td>48</td>\n",
       "      <td>9.3</td>\n",
       "      <td>0.0</td>\n",
       "      <td>0.1</td>\n",
       "      <td>1.2</td>\n",
       "      <td>1.9</td>\n",
       "      <td>0.4</td>\n",
       "      <td>0.8</td>\n",
       "      <td>0.8</td>\n",
       "      <td>0.5</td>\n",
       "      <td>0.4</td>\n",
       "      <td>1.0</td>\n",
       "      <td>0</td>\n",
       "    </tr>\n",
       "    <tr>\n",
       "      <th>3</th>\n",
       "      <td>80</td>\n",
       "      <td>27.7</td>\n",
       "      <td>1.3</td>\n",
       "      <td>4.1</td>\n",
       "      <td>2.8</td>\n",
       "      <td>3.3</td>\n",
       "      <td>0.8</td>\n",
       "      <td>1.6</td>\n",
       "      <td>3.9</td>\n",
       "      <td>1.3</td>\n",
       "      <td>0.1</td>\n",
       "      <td>2.2</td>\n",
       "      <td>1</td>\n",
       "    </tr>\n",
       "    <tr>\n",
       "      <th>4</th>\n",
       "      <td>58</td>\n",
       "      <td>18.4</td>\n",
       "      <td>0.0</td>\n",
       "      <td>0.1</td>\n",
       "      <td>1.9</td>\n",
       "      <td>3.1</td>\n",
       "      <td>0.5</td>\n",
       "      <td>0.7</td>\n",
       "      <td>1.9</td>\n",
       "      <td>1.1</td>\n",
       "      <td>0.2</td>\n",
       "      <td>1.7</td>\n",
       "      <td>0</td>\n",
       "    </tr>\n",
       "  </tbody>\n",
       "</table>\n",
       "</div>"
      ],
      "text/plain": [
       "   GP   MIN  3P Made  3PA  FTM  FTA  OREB  DREB  AST  STL  BLK  TOV  Target\n",
       "0  59  12.8      0.2  0.3  0.7  0.8   1.1   2.3  0.5  0.3  0.4  0.5       1\n",
       "1  31  10.7      0.5  2.1  0.5  0.9   0.3   1.1  0.4  0.3  0.1  0.2       0\n",
       "2  48   9.3      0.0  0.1  1.2  1.9   0.4   0.8  0.8  0.5  0.4  1.0       0\n",
       "3  80  27.7      1.3  4.1  2.8  3.3   0.8   1.6  3.9  1.3  0.1  2.2       1\n",
       "4  58  18.4      0.0  0.1  1.9  3.1   0.5   0.7  1.9  1.1  0.2  1.7       0"
      ]
     },
     "execution_count": 130,
     "metadata": {},
     "output_type": "execute_result"
    }
   ],
   "source": [
    "train.head()"
   ]
  },
  {
   "cell_type": "code",
   "execution_count": 131,
   "id": "joined-objective",
   "metadata": {},
